Eigvals	28
2.6388496353412414	1.8134923108545509	1.2022588898101494	0.8966392980309051	0.6934819824441085	0.5596712540805645	0.34979247348269504	0.29985091342425957	0.24374016150452316	0.24144674615731135	0.21307619771507053	0.18074610188929352	0.1463458432970242	0.13809691211516692	0.12886755741714223	0.12092248860851817	0.11871005914259215	0.0996764571432239	0.09540279864434564	0.0773465159858258	0.06860944489157786	0.06134375820431194	0.044389633090889315	0.04059738489435816	0.036880515487785925	0.027836514017505195	0.016105996952383555	0.0

Proportion explained	28
0.25002891501251	0.17182696156458283	0.11391307854663142	0.08495586404083057	0.06570686913307323	0.05302840849564317	0.033142560096309094	0.028410636796015402	0.023094187448110964	0.022876888158580865	0.020188801141297653	0.017125550142335678	0.013866152859222713	0.013084573156540668	0.012210099101441912	0.011457310118198795	0.011247684176842094	0.009444265447352196	0.009039339686028797	0.0073285211908002456	0.006500690617649954	0.00581227255285824	0.004205882612967921	0.0038465700968858063	0.003494399661510366	0.002637487678083382	0.001526030467696015	0.0

Species	0	0

Site	28	28
st1_1	0.3612327968266886	0.11465816224265324	0.005265104843697616	-0.5018770561371576	0.06918605210135537	-0.006233231595602828	-0.01689305326099229	-0.05747688500477726	-0.03606836053328018	0.03265645738944195	0.15337266625188314	0.22984497918359337	0.023019985365914753	-0.06053632120830251	-0.046052006859505626	-0.02429150735068225	0.03365747280643901	0.000852637155889068	-0.07118230087720477	0.03250759405540097	0.016447059539118684	-0.007406339713643081	0.005549271574906031	0.011944762333360984	0.04620602085814976	-0.0021093249157026575	0.0028283354177514584	0.0
st1_2	0.35435154729740226	0.13137036468067081	0.028594926874501676	-0.4964316111228603	0.09316140384528634	-0.029600098470158143	0.022399747854268577	0.020996385445010854	-0.11653774984136804	-0.15742131234235146	-0.09532175480231875	-0.12186556670828609	-0.19110362776562154	0.040008748080552006	0.04387023010988042	0.032266319433672794	-0.0031515937948680996	-0.00497407618187751	0.04448583679214295	-0.00686554171766741	-0.007660178257762236	-0.00021220381683131195	-0.005767174756509355	-0.00557467889854309	-0.028776356900236343	0.00033760822009195853	-0.0022083891272863445	0.0
st1_3	0.425544371661518	0.2418692551089071	0.08663442988341401	-0.27137545920838596	0.10954501469651992	-0.008277105824382413	0.023802187030984003	0.07586296751447999	0.10125985770201444	0.06761287359627849	-0.09377920865765751	-0.14068436537172843	0.2620123586309747	0.028385062690628522	-0.009702598218738994	-0.020353616714347746	-0.049702155154427226	-0.007945692284654462	0.036503072803721094	-0.0230267684023829	-0.004588450647498928	0.0027266759234375864	0.007291083159648901	0.0006165596934969916	0.00838667925600979	0.0016755468368936683	0.000448622879354133	0.0
st1_4	0.47010241574538886	0.31939299526421	0.12214971521815751	0.142873943887339	0.046910130767634714	0.015481140546514149	0.00040555725432497045	0.04099337372733308	0.1607782056008269	0.14352926002413194	0.02235165204355783	0.0685288790803398	-0.066525794922671	-0.01928779448845308	-0.007070009918737482	0.026696973186361463	-0.01279757616192809	0.001160879143592553	-0.03493591310145165	0.034766593657550686	0.02234040274494752	0.008110560556153092	-0.02959237153019753	-0.0299161498346316	-0.12687403434237376	-0.0008293268707161543	-0.008571796089239657	0.0
st1_5	0.44378593928181453	0.312401068401317	0.11390928010616233	0.23662947738757414	0.022469352781825134	0.02080700219740623	-0.010916512744619982	0.049817712280126714	0.16423419418330226	0.11848727610327513	-0.013594399334410291	-0.02488887386059941	-0.14973313521119036	0.0180639661219135	0.029357273767219815	0.013197763612158091	0.026280433249742517	0.013354481656387134	0.03331586273003332	-0.030133559545443087	-0.02489378833671652	-0.003298559717172042	0.02464959110615386	0.02686526116086337	0.11204440709904653	0.0012570069513991016	0.007587873065027771	0.0
st1_6	0.4317768069111708	0.26744735310865325	0.1149527997274287	0.3145369664674004	-0.008938504511389639	0.03278732707042959	-0.009584318143044552	-0.04076656237866269	-0.15663105574673963	-0.1263645041221701	0.0037582099397688935	-0.02551338461708483	0.06471234065938067	0.03649002219023445	0.047161972427904965	-0.13710515597227776	0.1958173450420986	-0.012311643527702263	-0.031716793570541586	0.018014543494990487	0.009040986408652122	-0.001968379662296545	-0.00259932504560368	-0.0041874368622802915	-0.009334987991332006	-0.00035580147796080775	-0.0014051364497234223	0.0
st1_7	0.41488413268561497	0.2612349152964753	0.10918587752030225	0.3318357788665066	-0.0171988565992303	0.03535933924583272	-0.0076139766154384916	-0.057380520522988976	-0.1868958758744762	-0.13974379342328175	0.038564595174714465	0.04908235364290812	0.03944530730946753	-0.043881628243663214	-0.06228251609826904	0.10350195143396411	-0.1929481924019337	-0.0038994703296338067	0.026104440926633166	-0.006561396852318519	-0.0008027899806601303	-0.00410158776466066	0.003672370782524167	0.005840251656183255	0.012492946862783464	0.0003442771213502291	6.471351186919367e-05	0.0
st2_1	0.25127461857670597	-0.3657229818300847	-0.42689444470265986	0.07125821013274912	0.053448903652741755	0.11366313465741694	0.05904075523924686	-0.10695659622012076	0.0538142859418235	-0.01055811570007284	0.03975830497106221	-0.14502548799226359	-0.015751911350646696	0.07786362230538763	-0.010182044055021437	0.010079966568360474	-0.051954349310937446	0.01970997863785085	-0.12508816913094103	0.11093715099543888	0.0773470389421986	-0.005102944955823303	0.004728193163933212	0.0041113908214086255	0.02112780022335228	-0.0014810534947448783	0.0017344899759813238	0.0
st2_2	0.2523730514564977	-0.3594063858368938	-0.4086675129109448	0.031284950022984266	0.08733050527968703	0.0828266678488765	0.037196791969876394	-0.12121199782655843	0.046678132324429716	-0.002991463568628156	0.20465478978001533	0.02483050087929199	0.02008415783304562	0.04372156587309792	0.06290688669761339	-0.015679431756159316	0.011999483899132642	-0.004693180242289055	0.1538586814181325	-0.07235343610268251	-0.06122909027452871	0.006015543023343715	-0.0008387884216899479	-0.00896283093537101	-0.026144090158508215	0.003488823535021356	-0.003946338627120577	0.0
st2_3	-0.045290950518130875	-0.3200546254166428	0.1825400724583815	0.05278039636691702	0.16875621967727206	-0.2971914378627982	-0.19015490159367485	0.04345271285155485	-0.03439684131395562	0.026324481865455916	0.11214971341451277	-0.11241086177000992	0.016281886859621435	-0.08370441013374852	0.05136835953663575	0.07596175128587852	0.023077354673041842	-0.014741237311354816	-0.08662034119895785	0.025767096218426565	-0.11493561166826018	0.02403172089564671	0.01033025193896742	-0.004651273706665154	-0.0025429058983018195	0.017410471918430332	-0.0025184237352662985	0.0
st2_4	-0.13473981316036765	-0.25695827397036786	0.2212134939880825	0.04437436930836996	0.21455781703867985	-0.1558958974063353	-0.10328731568655633	-0.24785196269212678	0.07668996110256086	-0.022532541406839992	-0.06477807445540266	-0.031113597516217024	-0.01414817032013631	-0.10870928766507632	-0.03231999541870193	-0.02267739146625147	0.0160179218104717	-0.028609409286786486	0.030082609468721745	-0.07638845143430277	0.11590919704679144	-0.03135920805607084	-0.025433433247962725	0.01970581361226362	-0.0010815141903717232	-0.037123518486092744	0.0049318061533100465	0.0
st2_5	-0.315207130961302	-0.029335129473913164	0.15795891207630813	0.009982066824658898	0.1554751714833971	0.07492932757804331	-0.01752753725000859	-0.19988497518168774	0.0692653356778873	-0.054775277556682926	-0.1624698924042631	0.10493102896046157	0.02082837275719863	0.04134963339935565	0.013610318596836686	0.028005685919476903	0.015295742645045728	0.09993657116455062	0.03503067145390843	0.07556034262041558	-0.045089959440928154	0.03439850283891042	0.08595050210845383	-0.04080196018031162	-0.0038611270568156397	0.033467964835519885	-0.0020507011048025107	0.0
st2_6	-0.36480610592145596	0.20450433046824712	-0.14003001072663565	0.002814259045366363	0.01783308388449757	0.02319623590793111	-0.12688362225950314	0.05413543569746298	0.04457559581086041	-0.05976004496603557	0.03408766581366325	-0.02265822301026743	0.006365281370790202	0.015487631281829102	-0.12481035395386418	0.06021872456957848	0.06915057390373719	-0.022592646479703132	0.05611870620831249	0.022857617363401278	0.04012341371496028	-0.009770361726647752	-0.08001757110800496	-0.008846747865037898	0.017511060263433964	0.1008866094607892	-0.0067431652684557235	0.0
st2_7	-0.34220302288559107	0.26703558826371976	-0.20782165206945263	-0.00044269871711089063	-0.040578484748506206	-0.029782271111233393	-0.09239700930407224	0.05932001395142666	0.03290977181954306	-0.05795293033780787	0.033244882604723434	-0.014431995433851829	0.00956644161434427	0.04651740393424375	-0.11270492373527	0.06204230414109286	0.06037644124422053	0.023428507291500634	0.015760084738073457	0.007089369253209138	-0.007660194786640006	0.08123246088383962	0.022159522649880244	0.032048082646362774	-0.003858977853397311	-0.09546799205677518	-0.044163707353030164	0.0
st4_1	-0.1043852343144039	-0.32277556187598627	0.27611027636036223	0.04213631864420496	0.1030176934978091	-0.14736885354192467	0.04735430789440598	0.09282124773538525	-0.0421832444902048	0.02167119689226656	0.029663035221653564	0.05256009119293979	-0.027520704766822928	0.2238624058359329	-0.1117804141543058	-0.07187264794206828	-0.046495361324325184	0.055677749398201054	-0.05757454962985009	-0.09565993350002244	0.0006799133984253926	-0.00723403375407629	0.00019652780310859444	0.0022098351995883366	-0.008704363267392656	0.012918644220343547	0.0020500558332999515	0.0
st4_2	0.09302041845839862	-0.4453548973593981	-0.05213189002842747	0.07819623034298545	0.04629211725506928	-0.12476932384808452	-0.0806454225657403	0.29089365311155024	-0.06486662168584316	0.017991961838768993	-0.05574049957176529	0.10376342120828051	0.02036898757281062	-0.002209608678839888	0.08701838250339985	0.015594128857210952	0.0032303816028313188	0.011172177402002896	0.1028400921308231	0.08037346354465466	0.09605308141926816	-0.002501932450782741	0.013037577839251042	-0.009334692364568341	0.010093334251746236	-0.017230870508683552	0.008758896863112672	0.0
st4_3	0.24370707702660757	-0.35236670055603087	-0.4164791537036888	0.07950006898049164	0.04731384446432194	0.10484357844814676	0.06824717987245023	0.09436541380400394	-0.019255316241460894	-0.0029787030039179004	-0.23124632926742592	0.07173278011114044	-0.008997492481482985	-0.11911048183949426	-0.09210966129379465	-0.00673207199184292	0.036090866462383644	-0.028044834846675772	-0.06374204339584652	-0.07153290690481211	-0.06991024187260214	0.0010147427717165634	-0.007244178746720749	0.008108455477405335	-0.004526514450673118	0.00805595593793207	-0.0041470302447562165	0.0
st4_4	-0.351709048177666	-0.013504607467479597	0.13903288980863415	0.009412041462308231	0.13239764607038682	0.12634185062854125	0.055458485262405356	-0.04874499651243888	-0.040552940684100654	0.0631568124310201	-0.06957945150021108	0.054600790808203056	0.008498970765448002	0.04337635380051452	0.10737976552870988	-0.03772341428616241	-0.055936964515844095	-0.018597564255523325	0.001320749481037528	0.06127663091655387	-0.06196573775995287	0.001395762325473241	-0.12396181582630345	0.06200349024585905	0.017012574362127365	-0.019969775351760928	-0.029854811359303228	0.0
st4_5	-0.3796982856194779	0.20386476388145855	-0.1051838689057619	-0.0006001700385975222	0.03515336454187833	0.0976279034672103	-0.08927581932196806	0.05332426728593459	0.02389286487761625	-0.031372075714145825	0.017154897584682458	-0.007139521445753692	0.0047453754304405404	0.016276215221027804	-0.015331761523308316	0.002555223134924142	-0.0005143926990215288	0.014597040885831681	-0.009488265924027442	0.016774981899306138	-0.05648423527141063	-0.18174263932385123	0.0026401090350791985	-0.04123294029712414	-0.00658771638450398	-0.049995253236349485	0.03801841560090839	0.0
st4_6	-0.23242704454825214	0.2530847913486164	-0.23849267895015516	0.01439466918148575	-0.1605848009358463	-0.29855111751366314	0.12105451530843808	-0.05495804456709335	-0.007073163294646778	0.028305651570712253	-0.030610658670950683	0.029219285465083632	0.014655230888540793	0.02480888113741438	0.040756169397449936	0.02849564108689422	0.009548161789128335	-0.024560628470249278	0.0011047424867155309	0.009539351950150564	0.0023217291823390525	-0.029086122603002605	0.044438908992785534	0.12325893432212616	-0.03907069519005857	0.028459700077105684	0.03192536193805972	0.0
st4_7	-0.1773147847323964	0.22830255380807976	-0.23571287628745127	0.017564131364833098	-0.1861668346428587	-0.3738971240519252	0.17161850323634437	-0.0768003162223426	-0.02055698565728021	0.04419329121818334	-0.040533754902593276	0.021838355327075218	0.002186702537570822	0.0038761646232224217	0.04649673432636082	-0.008175797069648284	-0.0212343819530198	-0.01912953472015571	-0.014726814631769397	-0.015597720670576973	0.004461767329206195	0.015413346796087657	-0.036882846041509605	-0.11691385962617107	0.03585594719043282	-0.01058579591048335	-0.014199050940740955	0.0
st5_1	0.13612764861115192	-0.19959420337239836	0.04706498674594213	-0.10022837331884013	-0.5109142760461997	0.10913353102151366	-0.27289960035074	-0.1205061054873633	-0.11756462671786777	0.1976559663854853	-0.06481369004181607	-0.03053353543409904	-0.005142043043484326	0.03528387014504946	-0.012232488479063788	-0.0014862707752169664	-0.003557272663432986	0.015521608819718823	0.016618595891665283	-0.011651977515879468	-0.004126081655068011	-0.0025560715378480613	-0.0002810461641761668	-0.002369103913592281	-0.007279421071060699	0.0021769114646496028	-0.001717097345006461	0.0
st5_2	0.040830540281022544	-0.2635871674995412	0.24708653032937256	-0.052866490444582574	-0.4113551910495574	0.0491566061497197	0.05162664135062156	0.05953262485949179	0.2096622461786601	-0.24957900924008988	0.027964086672164584	0.0317300597502928	0.0337053949734363	-0.026709906049910467	0.07801847670303759	0.03648770597476756	0.002591262660504979	0.05016893630533026	-0.046716372167683054	-0.034535548970294816	-0.0009962801660136976	-0.0010909151202956808	-0.028729567274621275	0.010082813403773224	0.0017256750451402052	0.00010900727545210269	-0.001382348841707265	0.0
st5_3	-0.13601452744002016	-0.25731027700725256	0.3199187412568703	-0.0099136695702652	-0.1495542509329832	0.03928231214007012	0.1843323283188142	0.007332422894456896	0.033462697087194314	0.002302594288040959	0.040285879881046434	-0.04229622135290322	-0.0352438563975068	-0.032771033511204244	-0.12537540624210108	-0.07459286161668627	-0.007887869611031198	-0.16897113882743817	0.0652310750505219	0.09140833831084687	-0.03659516677359044	0.012809840940961598	0.032530931807509704	-0.010709917370954966	-0.00022765184586476136	-0.008855760222268118	0.009448452002240416	0.0
st5_4	-0.24353874369249573	-0.07230313588844473	0.1972842253878852	-0.01182787882685135	-0.00705371348942684	0.13924599533251153	0.29133446734130203	0.03212967982609703	-0.12942265938035058	0.13577081369489102	0.07123640162684125	-0.08803924275766818	0.009086149203553894	-0.09850348286053104	-0.01574893681303955	0.08663867233114299	0.07639789474093982	0.13794189560229342	0.01737198818783998	-0.02065930529111863	0.031715104918895065	-0.023218445333381875	0.0037141156693059406	0.0017398602487947489	-0.0025180283535259067	0.00212386388880388	-0.009900468540602506	0.0
st5_5	-0.3720386762722291	0.11547481091992164	0.01956159311944023	-0.014021707232244683	0.07598586520193167	0.23242263362780707	-0.004370139226102002	0.01960574158250032	-0.03837093140174948	0.026966071672862905	0.011707902945846446	0.015582904189572156	0.01387043063916271	0.03874979748231019	0.07030908812843897	0.07788400237745904	0.016649843981248438	-0.0887652876417881	-0.05216219457276742	-0.06248541504144262	0.03017846136855141	0.10443299081806452	-0.005861021301715663	-0.025194225618036043	3.909440827370762e-05	-0.012269945960554227	0.07097226297492637	0.0
st5_6	-0.38206528918569654	0.12331844935894995	-0.010962591108919215	-0.011651435821565435	0.0298658876928028	0.1544778582124812	-0.03631725326112989	0.0639695529918894	-0.011181758817092031	0.010989568163749915	0.03161905830751883	0.0043416410436288005	-0.010333065550342233	-0.013582874167480804	0.10106470966881828	-0.027789328915606527	-0.04513432881007154	-0.10504227924791232	-0.05073441409817247	-0.06153793460644565	0.05036093957614783	-0.04389375843881273	0.08267127387212735	-0.005107210470831144	-0.0031269398851604653	0.03133476398698771	-0.06753066530823014	0.0
st5_7	-0.337572707390496	0.21431454540255246	-0.14608717631084928	-0.008337327847713814	-0.01635516097709712	0.01998401714565567	-0.07510498634989037	0.07398575705745755	0.004334983373698568	-0.02158450575254156	0.050893971375157165	-0.055986193572077965	-0.04493357260179524	-0.1251145152760114	-0.0016152506285847302	-0.21114731805599246	-0.10486674211012662	0.10935616019059578	0.008940962530927864	0.002116822275044015	-4.128869786824699e-05	0.06296135620156175	0.0036489079613822328	0.005267517122632573	-0.007980214980918145	0.01222726276132227	0.021569844119433156	0.0

Biplot	0	0

Site constraints	0	0
